0	12	16	36	54	89	101	107	108	125	126	140	147	148	161	183	
1	77	
2	15	
3	5	15	17	21	24	28	37	40	41	44	45	46	48	50	52	53	54	56	60	63	65	66	68	69	73	76	77	81	87	88	90	91	98	99	104	105	111	113	115	117	119	122	125	129	130	139	144	150	153	154	162	163	167	168	169	172	173	174	177	179	180	181	185	186	187	188	195	
4	148	
5	162	166	
6	12	16	119	
7	103	107	134	140	153	
8	33	89	153	164	
9	183	
10	161	
11	183	
12	20	46	47	
13	101	146	196	
14	4	
15	110	119	
16	14	
17	69	147	
18	127	159	191	
19	2	6	25	27	30	39	44	50	51	58	67	73	76	93	98	121	130	139	147	158	186	189	
20	2	62	80	173	174	176	177	179	180	181	187	190	193	195	197	
21	139	171	
22	186	
23	173	174	
24	89	
25	14	20	35	54	63	65	71	76	97	101	105	108	131	154	166	
26	2	
27	47	
28	87	88	122	133	
29	70	79	
30	42	70	149	155	156	161	
31	142	
32	17	26	31	33	34	75	76	77	163	
33	4	
34	105	
35	27	54	
36	134	150	
37	166	199	
38	90	
39	36	
40	152	
41	170	
42	20	142	
43	17	31	34	36	117	175	
44	86	112	
45	171	
46	99	104	128	160	192	
47	75	
48	142	
49	101	108	146	193	
50	65	87	140	
51	3	9	
52	27	111	164	
53	12	16	28	40	70	79	80	139	147	155	162	183	
54	169	
55	188	
56	97	
57	10	15	17	18	27	37	38	45	46	48	49	50	54	55	56	60	61	63	66	68	71	73	77	80	83	85	86	87	88	90	98	103	105	107	111	112	113	114	117	120	122	126	131	133	140	142	144	145	146	148	151	152	154	157	162	164	165	166	169	170	172	175	176	177	182	183	185	186	187	188	193	199	
58	148	
59	198	
60	97	120	
61	42	173	174	
62	107	
63	8	
64	31	34	35	56	66	125	
65	6	9	14	19	31	34	43	51	57	58	67	83	84	86	93	118	119	135	146	154	164	175	194	197	
66	114	
67	1	36	69	91	96	150	
68	26	55	105	107	151	155	171	
69	114	
70	71	
71	0	1	2	3	4	5	6	7	8	9	10	11	12	13	14	15	16	17	18	19	20	21	22	23	24	25	26	27	28	29	30	31	32	33	34	35	36	37	38	39	40	41	42	43	44	45	46	47	48	49	50	51	52	53	54	55	56	57	58	59	60	61	62	63	64	65	66	67	68	69	70	71	72	73	74	75	76	77	78	79	80	81	82	83	84	85	86	87	88	89	90	91	92	93	94	95	96	97	98	99	100	101	102	103	104	105	106	107	108	109	110	111	112	113	114	115	116	117	118	119	120	121	122	123	124	125	126	127	128	129	130	131	132	133	134	135	136	137	138	139	140	141	142	143	144	145	146	147	148	149	150	151	152	153	154	155	156	157	158	159	160	161	162	163	164	165	166	167	168	169	170	171	172	173	174	175	176	177	178	179	180	181	182	183	184	185	186	187	188	189	190	191	192	193	194	195	196	197	198	199	
72	92	
73	17	
74	75	79	
75	59	
76	1	78	96	
77	111	
78	103	
79	45	118	179	
80	32	
81	9	58	66	67	144	
82	125	
83	30	54	131	178	199	
84	110	166	
85	170	
86	0	1	2	3	5	6	7	9	10	12	14	16	17	19	20	21	23	24	26	28	30	31	34	37	38	40	41	44	45	46	47	48	49	54	55	56	58	60	61	63	65	66	67	68	69	71	73	75	76	77	78	79	80	81	83	88	89	90	91	92	93	94	95	96	97	98	100	101	102	105	106	107	108	109	110	111	112	113	115	117	118	120	121	125	126	131	139	140	142	144	147	148	151	153	155	156	158	162	164	165	166	168	169	170	172	175	176	177	178	179	180	182	183	185	186	187	188	189	190	193	194	195	196	197	199	
87	23	
88	6	
89	194	197	198	
90	97	
91	1	96	121	
92	83	
93	19	36	53	58	66	
94	147	
95	146	
96	163	
97	136	
98	126	
99	1	96	121	
100	69	150	171	
101	88	
102	8	24	26	63	119	139	149	155	157	158	199	
103	44	54	
104	24	28	40	42	68	91	92	113	115	134	140	142	182	188	
105	3	6	7	36	61	69	71	75	77	148	149	155	157	161	194	196	
106	131	
107	2	19	21	26	60	73	77	79	92	97	98	105	115	120	125	126	131	136	140	149	151	155	156	157	158	162	170	176	177	178	179	180	181	185	187	193	196	197	
108	89	
109	79	
110	10	
111	23	
112	7	8	47	84	86	119	127	130	144	147	159	163	181	191	
113	120	153	
114	32	70	73	82	98	143	148	152	155	156	157	158	161	165	
115	7	33	
116	36	
117	139	166	171	190	
118	8	21	64	74	78	86	89	124	150	
119	11	15	21	22	23	29	30	46	49	50	52	53	58	61	62	65	67	68	76	79	87	88	93	94	97	101	108	110	118	119	121	122	129	133	144	152	164	167	168	172	174	178	186	
120	90	140	152	
121	46	
122	7	23	26	31	34	91	139	146	158	185	199	
123	13	165	
124	84	98	
125	187	
126	148	155	190	
127	161	
128	46	47	
129	19	
130	10	61	62	69	110	113	137	138	190	
131	2	3	4	6	7	8	9	10	14	15	17	18	19	20	21	23	24	27	28	31	34	35	38	40	43	44	45	46	48	49	50	51	52	54	55	57	58	59	60	61	66	67	69	70	71	75	81	86	87	88	90	92	93	103	105	112	115	117	119	120	125	126	130	131	133	134	136	139	142	144	146	148	149	150	151	153	154	155	156	157	158	161	164	165	166	168	172	175	177	178	179	180	181	185	187	188	189	190	193	194	195	196	198	
132	2	3	4	7	10	17	18	20	21	27	31	34	35	37	41	43	46	48	49	51	54	55	60	61	63	65	73	76	79	81	83	88	90	92	93	97	98	103	105	107	111	112	113	115	117	122	129	136	140	148	151	163	167	168	173	174	179	180	181	188	195	196	197	
133	23	113	150	182	190	
134	74	162	
135	187	
136	56	152	
137	152	155	161	
138	7	187	
139	136	
140	13	
141	48	69	70	154	161	
142	146	
143	20	
144	42	70	148	149	155	156	157	158	161	165	
145	189	
146	97	
147	99	104	
148	142	170	
149	53	
150	38	90	148	152	183	190	193	194	
151	82	
152	104	
153	99	
154	26	
155	103	
156	116	
157	114	128	160	167	192	
158	15	19	20	43	51	54	57	58	67	81	90	117	153	154	175	178	180	185	189	190	196	199	
159	110	
160	7	17	24	31	34	58	67	71	77	79	136	146	
161	8	21	64	74	124	150	
162	45	101	
163	78	80	
164	150	
165	101	108	166	171	
166	102	141	
167	83	
168	27	48	54	180	
169	10	11	21	22	24	25	29	30	53	61	62	79	94	102	110	119	137	138	167	174	199	
170	188	
171	42	70	148	149	155	156	157	158	161	165	
172	153	
173	17	
174	137	138	
175	127	159	191	
176	196	
177	6	26	31	33	34	46	55	73	98	114	115	117	129	139	176	178	185	187	188	190	193	194	199	
178	15	50	58	59	67	102	114	152	
179	14	19	29	30	59	79	105	136	
180	28	40	101	108	134	142	146	166	
181	122	
182	151	
183	146	183	
184	101	146	
185	111	115	
186	10	17	
187	180	
188	2	3	5	7	8	10	14	17	18	21	23	24	26	27	28	30	31	34	35	37	40	41	42	44	45	46	48	49	50	55	56	60	61	63	65	66	68	69	70	71	73	76	77	79	81	83	84	85	87	88	92	98	101	108	111	112	113	115	122	126	129	131	133	134	140	142	144	146	149	150	155	156	157	158	161	163	164	166	167	168	169	172	173	174	176	177	179	181	182	186	187	193	195	197	198	
189	17	
190	6	9	15	19	20	27	38	42	43	45	49	51	52	54	57	58	61	67	68	75	80	85	90	91	93	97	103	105	117	118	119	125	130	134	136	139	146	147	148	150	151	153	154	165	175	178	180	185	188	189	190	194	196	199	
191	5	10	18	24	37	41	65	88	91	92	93	103	105	113	118	125	136	
192	139	
193	37	68	
194	30	144	150	199	
195	87	88	122	133	
196	46	58	67	164	188	
197	125	
198	158	
199	25	37	41	42	44	48	50	52	53	61	68	76	77	79	87	88	92	107	119	122	147	167	169	173	174	177	178	185	186	
200	72	
201	33	
202	92	
203	140	
204	12	16	147	
205	131	
206	60	
207	89	107	147	
208	33	59	164	
209	12	16	
210	4	30	60	64	69	75	84	119	124	139	148	158	163	165	170	
211	110	
212	30	46	47	52	175	199	
213	53	
214	30	
215	2	15	24	33	39	43	44	50	57	78	94	100	102	106	109	116	123	132	135	141	152	195	
216	30	
217	6	194	
218	189	
219	6	56	
220	15	
221	53	
222	181	
223	100	103	109	119	
224	193	
225	21	
226	130	
227	130	
228	36	42	63	
229	112	143	
230	10	
231	71	
232	36	161	
233	87	
234	19	
235	0	2	95	189	
236	4	56	69	82	89	108	112	146	152	155	171	190	
237	15	39	42	50	103	117	131	166	
238	97	125	
239	17	63	75	83	111	115	
240	154	
241	4	9	
242	53	
243	30	193	
244	171	
245	7	
246	6	7	71	
247	23	
248	38	
249	28	40	
250	15	
251	32	
252	176	
253	58	67	188	
254	176	178	
255	27	180	
256	60	149	155	163	171	173	174	
257	97	125	140	
258	7	10	11	25	33	68	73	74	85	89	92	93	98	128	134	151	153	158	160	164	171	175	185	192	
259	99	104	
260	115	
261	59	70	85	149	
262	103	
263	8	61	114	185	
264	36	75	184	
265	9	20	22	194	197	198	
266	36	87	88	122	133	
267	70	128	160	192	
268	58	66	67	
269	23	73	
270	97	
271	158	182	
272	42	
273	17	22	65	144	150	164	
274	72	185	
275	154	
276	17	38	55	89	90	117	152	183	193	
277	175	
278	30	
279	17	
280	147	
281	18	19	22	
282	38	68	73	90	98	143	152	153	197	198	
283	77	
284	60	92	107	115	117	131	169	185	
285	25	
286	28	40	48	53	54	99	104	150	188	
287	3	4	12	16	20	26	30	36	37	43	44	48	53	54	58	66	67	69	76	92	119	126	136	139	142	146	148	150	155	161	169	173	174	178	183	196	198	199	
288	80	
289	26	30	48	54	86	111	112	148	
290	197	
291	2	5	6	7	9	12	14	15	16	19	20	21	23	24	28	30	38	40	43	44	45	46	50	52	55	56	57	58	60	63	66	67	68	69	70	71	73	76	77	79	80	81	83	91	93	98	99	103	104	105	115	117	118	125	130	136	139	140	142	144	146	149	153	154	155	157	158	161	163	165	166	167	168	169	172	173	174	176	177	178	179	180	181	182	185	186	187	188	189	190	193	194	195	196	198	199	
292	19	87	88	122	133	
293	142	
294	32	
295	80	86	134	147	
296	63	75	77	
297	119	
298	19	91	
299	12	16	36	53	
300	5	62	113	
301	130	
302	80	
303	8	11	15	17	24	31	33	34	46	49	63	76	79	80	114	119	139	144	149	150	155	157	158	162	163	178	185	199	
304	31	34	89	126	130	146	154	169	
305	23	48	49	63	71	75	76	91	101	108	115	126	166	169	185	199	
306	107	
307	130	
308	148	
309	15	70	
310	90	
311	70	
312	156	
313	49	128	160	192	
314	75	
315	129	
316	111	115	
317	15	17	18	53	62	74	82	121	143	163	171	173	174	
318	23	
319	57	68	91	113	
320	70	155	158	
321	26	31	34	
322	101	108	146	
323	46	
324	15	65	66	68	76	122	
325	75	
326	24	
327	179	
328	103	
329	64	107	124	147	
330	157	183	
331	12	16	
332	30	
333	17	71	91	101	108	113	125	140	146	166	
334	18	155	
335	33	44	50	58	67	93	121	
336	71	166	
337	3	14	17	24	43	44	49	52	57	68	80	86	97	107	113	115	131	136	151	162	163	170	172	175	176	179	181	184	186	194	197	198	
338	81	
339	93	121	136	140	154	161	
340	29	
341	87	88	122	133	
342	167	
343	26	31	34	
344	55	
345	0	57	95	123	128	160	164	178	192	198	
346	6	8	9	14	19	31	34	43	51	57	58	67	83	84	86	93	118	119	146	175	194	197	
347	93	
348	87	88	122	133	
349	173	174	
350	2	3	5	7	10	15	17	20	21	23	24	27	28	35	37	38	40	41	44	45	46	48	50	52	54	55	56	60	61	63	65	66	68	69	71	73	75	76	77	81	85	87	88	90	91	92	97	98	101	105	108	111	112	113	115	117	120	122	125	126	129	130	131	133	134	136	139	140	142	144	148	150	151	153	154	162	163	165	166	167	168	169	172	173	174	176	177	179	180	181	182	185	186	187	188	189	190	193	195	196	199	
351	18	49	79	103	178	
352	112	120	169	183	
353	54	142	
354	115	
355	5	13	26	38	56	62	71	87	88	101	103	108	113	114	122	133	143	154	166	182	183	190	
356	36	93	101	153	169	
357	162	
358	120	131	183	
359	75	
360	15	
361	131	
362	79	139	176	188	
363	79	
364	43	56	
365	155	171	
366	86	154	178	188	
367	7	38	50	137	138	163	189	197	
368	86	112	
369	85	
370	120	170	
371	58	66	67	
372	15	19	126	194	
373	158	
374	130	136	
375	25	29	35	37	41	51	59	129	
376	134	
377	97	105	153	
378	171	
379	2	46	68	69	81	118	136	150	153	163	187	
380	26	38	69	93	110	175	185	
381	141	
382	9	
383	89	126	147	163	
384	97	
385	153	
386	12	16	
387	9	91	
388	148	162	
389	69	108	
390	7	24	31	34	61	71	101	108	111	125	146	154	166	188	190	
391	25	
392	27	48	54	180	
393	146	
394	5	9	14	24	26	30	31	34	37	41	44	45	48	49	53	54	55	56	58	60	62	63	65	66	67	68	71	76	79	85	88	91	92	101	107	108	110	111	113	117	122	125	126	129	131	133	136	139	140	146	147	149	150	153	163	166	167	170	173	174	175	176	182	186	187	193	
395	2	60	68	90	107	131	136	139	148	149	155	157	162	170	175	
396	46	
397	131	
398	0	2	4	5	6	7	10	12	16	21	24	26	28	29	31	34	40	45	46	48	49	50	53	56	59	60	61	63	65	66	71	81	83	84	85	86	88	90	93	95	101	108	111	112	113	115	123	126	129	131	134	140	142	143	144	146	150	152	154	156	158	162	163	171	172	176	179	180	181	184	186	187	188	193	195	
399	155	
400	112	
401	19	23	58	73	91	97	98	111	177	
402	4	152	
403	49	144	
404	112	
405	147	
406	32	
407	3	105	145	161	171	
408	130	
409	110	
410	87	88	122	133	
411	56	60	70	85	99	104	130	134	161	169	
412	26	31	34	
413	89	
414	22	29	79	112	188	
415	75	
416	125	
417	114	185	
418	9	20	22	194	197	198	
419	48	
420	120	
421	9	58	67	
422	38	56	71	101	108	112	143	154	166	182	190	
423	86	
424	114	
425	80	
426	75	87	
427	80	152	154	161	
428	78	84	99	104	126	139	156	158	169	
429	142	
430	155	156	158	165	
431	90	198	
432	36	
433	41	
434	31	34	
435	5	14	15	26	28	40	44	48	54	55	60	63	77	83	88	91	120	125	136	140	178	190	193	194	197	198	199	
436	10	79	
437	178	
438	28	40	105	110	155	164	
439	5	15	94	103	106	116	135	
440	42	
441	3	5	20	23	50	58	66	67	69	79	93	117	136	153	154	163	164	178	185	198	
442	82	
443	32	
444	12	16	97	
445	88	
446	4	10	13	27	56	61	63	65	73	76	77	78	98	99	104	110	121	128	158	160	167	181	192	
447	110	
448	182	
449	112	
450	28	40	107	114	151	
451	161	
452	28	40	178	180	182	189	190	193	194	196	197	198	199	
453	92	
454	166	
455	147	
456	28	40	
457	146	
458	152	
459	65	
460	12	16	
461	26	
462	55	
463	173	174	
464	187	
465	10	50	54	62	107	152	
466	90	151	152	165	
467	187	
468	17	111	
469	188	
470	169	173	174	
471	170	
472	5	114	
473	1	68	84	96	133	170	
474	3	4	15	24	31	34	60	75	80	86	103	111	114	120	126	139	144	154	173	174	187	
475	12	16	
476	58	67	
477	181	
478	5	11	62	127	159	191	
479	84	89	151	
480	7	71	166	
481	55	
482	79	
483	126	
484	38	
485	112	
486	147	165	
487	84	110	
488	18	35	
489	149	
490	60	140	188	197	
491	155	
492	19	
493	58	67	120	
494	199	
495	36	
496	171	183	
497	36	72	134	171	
498	199	
499	20	22	27	58	66	67	71	114	144	185	194	197	198	
500	153	
501	49	
502	19	
503	45	
504	22	25	29	42	110	137	138	
505	83	
506	169	
507	169	
508	101	146	
509	198	
510	90	
511	127	159	191	
512	33	115	178	193	
513	127	159	191	
514	60	
515	29	
516	17	115	
517	38	
518	1	9	14	19	48	49	53	54	57	59	75	76	85	96	101	103	106	108	115	116	118	123	126	132	133	144	145	150	162	164	166	167	169	175	187	199	
519	39	43	44	50	57	
520	141	
521	78	176	
522	6	86	120	157	
523	37	
524	1	20	69	96	121	129	154	180	
525	143	
526	54	
527	27	54	
528	48	150	
529	36	75	163	184	
530	19	97	142	
531	19	
532	26	120	
533	117	
534	89	162	
535	194	
536	24	97	120	128	160	192	
537	76	
538	10	12	15	16	17	24	45	55	66	75	83	92	101	108	134	137	138	140	148	167	170	199	
539	92	
540	19	166	
541	28	40	83	87	88	105	122	125	133	
542	6	7	139	152	190	199	
543	169	
544	42	63	107	115	120	170	183	
545	197	
546	87	88	122	133	
547	20	
548	42	
549	52	
550	6	162	179	
551	33	49	
552	91	114	
553	173	174	
554	133	164	
555	169	
556	86	
557	0	1	2	3	4	5	6	7	8	9	10	11	12	13	14	15	16	17	18	19	20	21	22	23	24	25	26	27	28	29	30	31	32	33	34	35	36	37	38	39	40	41	42	43	44	45	46	47	48	49	50	51	52	53	54	55	56	57	58	59	60	61	62	63	64	65	66	67	68	69	70	71	72	73	74	75	76	77	78	79	80	81	82	83	84	85	86	87	88	89	90	91	92	93	94	95	96	97	98	99	100	101	102	103	104	105	106	107	108	109	110	111	112	113	114	115	116	117	118	119	120	121	122	123	124	125	126	127	128	129	130	131	132	133	134	135	136	137	138	139	140	141	142	143	144	145	146	147	148	149	150	151	152	153	154	155	156	157	158	159	160	161	162	163	164	165	166	167	168	169	170	171	172	173	174	175	176	177	178	179	180	181	182	183	184	185	186	187	188	189	190	191	192	193	194	195	196	197	198	199	
558	171	
559	3	
560	97	120	
561	11	198	
562	18	19	85	87	88	114	122	131	133	155	171	193	
563	60	69	80	107	120	140	147	148	149	157	161	
564	107	183	
565	46	65	99	104	
566	2	28	30	40	44	53	60	68	69	73	80	83	86	87	88	92	98	99	103	104	112	113	114	115	117	122	130	131	133	136	144	148	151	153	155	163	170	175	178	190	193	194	197	198	199	
567	19	
568	112	
569	3	17	20	23	33	63	79	80	91	111	112	115	142	146	158	
570	142	
571	165	
572	91	
573	15	48	89	111	126	153	162	170	184	
574	46	
575	9	
576	51	58	64	67	72	85	91	118	124	141	145	194	199	
577	190	
578	93	
579	33	
580	58	67	
581	12	16	
582	24	80	111	
583	153	
584	7	17	58	67	79	117	136	175	
585	13	19	52	58	
586	6	7	18	26	31	34	53	66	163	169	173	174	
587	2	7	10	18	21	23	26	27	28	30	31	34	37	38	40	41	43	44	45	46	48	50	51	54	55	60	63	65	66	68	69	71	73	75	76	80	81	83	85	90	91	92	93	98	101	105	107	108	111	113	114	115	117	118	120	125	126	129	131	136	139	140	142	146	147	148	151	153	158	162	165	167	168	170	172	173	174	175	176	177	178	179	180	181	182	183	185	186	187	189	190	193	194	195	196	197	199	
588	25	33	
589	168	
590	185	
591	3	144	
592	71	73	98	
593	71	
594	12	14	16	48	50	54	58	66	67	71	86	112	113	114	115	117	134	142	147	148	151	157	162	163	164	166	169	170	175	185	190	194	197	
595	17	111	146	
596	11	
597	177	178	180	182	187	189	190	193	196	199	
598	105	
599	63	
600	170	
601	79	
602	120	
603	46	83	93	114	143	190	
604	13	
605	10	
606	8	9	
607	86	139	
608	142	
609	79	
610	36	186	
611	0	1	2	3	4	5	6	7	8	9	10	11	12	13	14	15	16	17	18	19	20	21	22	23	24	25	26	27	28	29	30	31	32	33	34	35	36	37	38	39	40	41	42	43	44	45	46	47	48	49	50	51	52	53	54	55	56	57	58	59	60	61	62	63	64	65	66	67	68	69	70	71	72	73	74	75	76	77	78	79	80	81	82	83	84	85	86	87	88	89	90	91	92	93	94	95	96	97	98	99	100	101	102	103	104	105	106	107	108	109	110	111	112	113	114	115	116	117	118	119	120	121	122	123	124	125	126	127	128	129	130	131	132	133	134	135	136	137	138	139	140	141	142	143	144	145	146	147	148	149	150	151	152	153	154	155	156	157	158	159	160	161	162	163	164	165	166	167	168	169	170	171	172	173	174	175	176	177	178	179	180	181	182	183	184	185	186	187	188	189	190	191	192	193	194	195	196	197	198	199	
612	84	
613	23	73	
614	20	69	
615	164	
616	49	
617	99	104	
618	0	1	2	3	4	5	6	7	8	9	10	11	12	13	14	15	16	17	18	19	20	21	22	23	24	25	26	27	28	29	30	31	32	33	34	35	36	37	38	39	40	41	42	43	44	45	46	47	48	49	50	51	52	53	54	55	56	57	58	59	60	61	62	63	64	65	66	67	68	69	70	71	72	73	74	75	76	77	78	79	80	81	82	83	84	85	86	87	88	89	90	91	92	93	94	95	96	97	98	99	100	101	102	103	104	105	106	107	108	109	110	111	112	113	114	115	116	117	118	119	120	121	122	123	124	125	126	127	128	129	130	131	132	133	134	135	136	137	138	139	140	141	142	143	144	145	146	147	148	149	150	151	152	153	154	155	156	157	158	159	160	161	162	163	164	165	166	167	168	169	170	171	172	173	174	175	176	177	178	179	180	181	182	183	184	185	186	187	188	189	190	191	192	193	194	195	196	197	198	199	
619	20	22	71	114	
620	2	12	23	26	28	30	36	40	44	48	54	68	69	73	80	90	91	92	97	98	107	113	114	115	117	139	142	148	151	153	161	162	163	170	178	185	190	193	194	197	198	199	
621	28	40	50	54	55	70	83	120	131	134	171	193	194	
622	36	
623	99	104	
624	29	
625	134	172	177	
626	55	
627	69	86	
628	69	154	
629	1	96	121	
630	79	
631	63	75	
632	32	
633	36	
634	150	
635	149	157	
636	26	31	34	60	91	139	
637	87	88	122	133	
638	47	
639	3	24	80	91	126	134	164	
640	123	
641	161	
642	5	6	20	21	23	24	27	28	31	34	40	44	46	50	52	60	61	63	66	71	76	86	90	92	101	105	108	113	119	125	131	144	146	148	149	150	166	172	188	
643	19	130	136	
644	15	35	41	51	71	108	119	121	129	
645	85	
646	13	32	155	156	158	161	
647	19	73	83	98	136	
648	142	
649	90	
650	4	9	11	12	16	30	33	49	53	85	87	103	122	134	135	139	143	147	163	164	
651	12	16	162	
652	59	74	94	97	100	109	114	123	132	143	
653	19	155	158	
654	12	16	
655	150	
656	0	95	177	
657	22	114	
658	151	
659	79	83	130	153	
660	7	14	15	18	20	28	35	38	40	41	44	51	54	55	60	63	76	77	79	83	89	90	105	115	117	120	125	129	147	166	178	184	190	198	199	
661	99	104	
662	52	57	65	140	154	
663	66	
664	17	53	101	108	140	166	
665	103	106	185	
666	149	157	
667	149	
668	121	
669	16	60	86	99	104	110	112	
670	0	11	13	95	101	108	146	165	
671	36	
672	33	
673	190	
674	113	
675	6	7	98	163	173	174	178	
676	4	61	76	128	160	192	
677	19	
678	0	95	152	
679	199	
680	119	
681	47	86	119	130	147	163	181	
682	23	
683	19	
684	51	73	84	98	125	170	193	
685	19	79	81	
686	195	
687	92	
688	110	197	
689	19	
690	12	16	170	175	
691	35	
692	24	
693	45	52	161	
694	84	91	142	183	
695	9	10	15	17	19	20	46	49	50	58	67	68	73	76	90	93	97	98	103	105	111	112	115	117	125	131	140	144	151	153	158	163	177	185	187	199	
696	44	
697	61	
698	48	
699	33	
700	89	92	97	177	
701	100	109	132	
702	171	
703	63	158	
704	56	147	154	170	
705	36	73	98	
706	114	
707	114	
708	12	16	
709	0	2	10	27	33	45	50	54	58	62	67	72	74	78	89	95	101	107	108	112	121	125	134	140	147	148	152	161	162	183	
710	56	83	85	87	88	99	104	111	117	131	143	170	171	186	
711	97	99	104	113	
712	38	73	98	101	117	149	152	153	157	161	193	194	197	
713	61	128	160	192	
714	83	110	
715	30	54	86	97	107	131	183	198	
716	2	
717	91	151	
718	12	16	99	104	
719	3	
720	70	183	
721	83	
722	14	54	72	73	89	98	105	178	190	193	198	199	
723	152	
724	68	
725	150	
726	59	
727	139	
728	64	124	175	194	
729	127	159	191	
730	41	
731	5	11	62	92	127	129	159	191	
732	8	
733	17	60	90	115	
734	38	
735	175	
736	173	174	
737	176	
738	52	
739	101	108	110	
740	1	5	6	7	10	14	15	17	18	19	20	21	22	23	25	29	30	31	33	34	36	44	45	46	49	53	55	57	59	62	65	66	68	71	73	74	77	79	84	85	89	92	93	96	98	99	101	103	104	105	106	108	110	114	115	119	120	126	127	128	130	136	139	140	143	144	145	146	148	150	151	152	153	154	155	158	159	160	162	163	164	165	169	170	171	173	174	175	176	177	178	179	180	181	182	183	185	187	188	189	190	191	192	193	194	195	196	197	198	199	
741	20	22	
742	0	95	97	142	148	165	193	
743	80	
744	24	42	68	85	89	91	92	113	115	140	182	184	188	
745	137	138	
746	3	7	128	144	160	192	
747	91	
748	140	148	
749	19	110	
750	99	104	
751	80	
752	12	16	
753	87	122	
754	115	
755	4	
756	38	59	114	143	152	161	
757	86	112	142	169	
758	69	91	113	120	128	140	147	149	151	156	157	158	160	192	
759	194	
760	99	104	
761	92	
762	17	33	75	76	164	185	199	
763	45	
764	24	
765	101	
766	25	
767	15	36	103	
768	136	
769	33	63	
770	36	130	
771	6	12	16	60	118	120	131	153	
772	42	
773	110	
774	130	135	
775	18	25	87	163	173	174	
776	0	3	7	10	11	56	80	95	99	104	112	123	128	143	146	160	164	192	
777	36	56	
778	173	174	
779	33	
780	10	
781	152	
782	110	144	151	
783	87	88	122	133	
784	26	31	34	75	90	148	
785	117	
786	6	55	134	
787	134	
788	144	164	
789	17	171	183	
790	33	
791	16	
792	87	88	122	133	171	
793	38	
794	18	53	163	
795	36	
796	87	88	122	133	
797	62	
798	105	
799	82	
800	83	
801	5	62	113	
802	151	
803	44	
804	6	69	
805	30	
806	19	23	73	83	98	130	136	
807	14	51	81	125	161	
808	130	
809	17	
810	2	15	17	18	26	32	37	38	42	44	46	52	55	57	58	67	76	80	83	86	89	93	112	114	115	117	118	125	136	143	150	151	152	155	161	162	163	175	178	183	190	197	198	
811	60	
812	69	
813	15	
814	130	
815	164	
816	51	
817	36	
818	51	
819	92	
820	53	
821	17	46	56	66	70	71	101	108	120	121	131	136	166	170	171	176	177	178	179	180	181	182	184	187	189	193	194	
822	154	
823	2	14	24	25	26	28	38	40	43	44	48	49	52	54	55	57	73	78	80	89	92	97	98	107	111	140	142	143	151	152	157	163	168	172	175	186	188	190	195	196	197	198	
824	46	47	
825	89	90	
826	118	
827	4	5	15	47	52	61	65	72	76	77	79	85	128	160	173	174	192	
828	51	83	
829	11	178	
830	113	
831	30	80	89	108	113	193	
832	33	50	166	175	
833	3	170	
834	71	142	166	
835	87	88	122	133	
836	24	
837	71	77	79	101	108	126	139	142	146	163	183	
838	180	
839	25	28	40	49	92	97	120	168	170	175	199	
840	142	
841	173	174	
842	66	77	
843	54	
844	12	15	16	38	48	54	59	70	89	101	108	112	114	125	126	136	147	152	154	158	162	184	185	
845	90	
846	133	
847	53	
848	84	
849	62	
850	167	187	
851	3	12	16	24	71	126	142	146	170	
852	66	101	108	166	175	183	187	199	
853	0	95	
854	6	18	19	53	58	66	73	98	110	163	169	
855	36	
856	75	
857	89	
858	5	
859	24	97	103	
860	32	
861	25	29	35	37	41	51	59	81	110	129	172	
862	111	114	
863	31	34	146	166	
864	87	121	
865	23	92	113	
866	171	173	174	
867	99	104	
868	2	5	6	7	9	10	12	14	15	16	17	19	20	21	23	24	26	27	31	34	37	38	43	44	45	46	48	49	50	52	54	55	58	60	65	66	67	68	69	70	71	73	75	76	77	78	79	80	81	83	85	87	89	90	92	93	97	98	99	101	103	104	107	108	111	113	117	118	120	125	126	128	129	131	134	136	139	140	143	144	145	149	150	151	152	154	155	156	157	158	160	161	162	164	166	171	172	173	174	175	176	177	178	179	180	181	182	185	187	188	189	190	192	195	196	197	198	199	
869	193	
870	101	108	166	
871	155	
872	2	12	16	45	48	54	69	71	86	114	120	127	131	139	143	146	147	152	159	162	165	178	190	191	
873	75	197	
874	30	31	34	55	78	93	107	118	168	177	186	
875	183	
876	4	
877	193	
878	6	14	56	70	97	110	125	131	140	148	161	165	183	184	
879	0	95	152	179	196	
880	15	
881	133	
882	71	166	
883	187	
884	14	
885	63	120	131	162	170	
886	170	
887	168	
888	180	
889	38	173	174	
890	11	
891	12	16	38	48	54	70	78	89	97	101	107	108	114	125	131	136	147	152	154	162	183	185	
892	53	151	173	174	
893	23	114	183	
894	44	
895	171	
896	169	
897	6	15	103	
898	7	10	11	15	17	24	58	67	77	79	111	118	130	136	171	178	183	199	
899	103	164	
900	75	90	136	
901	28	40	46	80	107	115	117	126	131	166	170	178	180	181	193	
902	71	146	
903	4	17	22	61	76	128	160	173	174	186	192	
904	103	144	
905	14	25	30	93	103	171	183	
906	120	
907	14	50	53	66	79	81	83	93	114	119	146	172	175	
908	2	7	15	19	21	23	26	31	34	38	43	44	45	46	48	49	50	52	53	54	55	58	61	65	66	67	68	69	73	76	79	80	81	87	88	92	93	97	98	105	107	112	113	117	118	119	120	121	122	126	129	133	134	143	144	151	152	161	164	166	168	172	175	178	185	186	195	196	
909	152	
910	79	
911	18	53	
912	164	
913	55	65	126	133	147	
914	5	11	36	62	70	75	85	125	127	144	156	157	158	159	161	182	184	191	
915	23	38	83	173	174	
916	23	
917	164	
918	13	
919	91	142	155	183	
920	2	15	24	33	39	43	44	50	57	78	94	100	102	103	106	109	116	123	132	135	141	144	152	
921	161	
922	36	
923	21	26	28	31	34	40	44	80	115	117	151	163	175	185	
924	72	85	97	127	159	191	
925	56	91	99	104	130	142	150	169	171	
926	17	18	36	46	55	69	110	193	194	197	198	199	
927	2	10	15	21	23	24	31	34	45	52	55	66	69	71	83	92	93	99	101	103	104	108	120	126	134	150	153	155	156	157	158	161	162	172	193	
928	26	30	70	80	97	117	152	
929	4	10	13	14	17	33	47	58	67	71	76	80	89	101	108	145	146	150	152	162	164	166	188	
930	110	
931	131	
932	53	87	88	122	133	
933	121	
934	12	16	48	50	53	54	55	56	57	60	66	68	70	73	80	85	86	91	92	98	103	105	110	112	113	115	117	120	121	125	126	134	139	140	142	148	149	151	153	155	156	157	158	161	163	165	169	173	174	175	176	177	178	179	180	181	182	184	185	186	187	188	189	190	193	194	195	196	197	198	199	
935	99	104	
936	73	98	194	
937	26	31	34	120	125	140	
938	30	44	48	53	58	66	67	69	76	92	119	130	135	144	150	169	173	174	178	199	
939	86	
940	4	
941	38	73	89	98	101	149	152	153	157	161	193	
942	83	
943	107	110	
944	80	
945	15	121	134	
946	164	
947	17	18	35	68	80	111	112	113	126	129	142	167	169	
948	28	40	
949	99	104	
950	110	
951	70	86	89	99	104	107	120	142	152	153	156	157	158	178	182	183	
952	25	45	56	60	90	158	
953	13	
954	83	
955	149	176	196	
956	54	
957	197	
958	6	
959	169	
960	107	118	
961	134	147	183	
962	12	
963	53	
964	57	80	86	101	105	108	120	136	142	143	171	178	198	
965	148	158	161	
966	53	
967	19	
968	147	156	158	161	
969	165	
970	32	54	73	98	120	
971	13	
972	75	132	
973	166	
974	53	91	99	104	107	150	153	170	
975	122	
976	162	170	
977	19	
978	58	67	
979	27	44	45	50	58	67	103	136	
980	26	
981	87	88	115	122	133	
982	156	
983	18	69	110	121	
984	30	
985	125	140	
986	158	182	
987	23	55	73	87	88	111	114	122	125	126	133	137	138	140	148	150	153	158	161	168	169	175	176	177	178	179	180	181	182	185	186	187	188	189	190	193	194	195	196	197	198	199	
988	17	
989	110	
990	12	16	24	57	63	116	173	174	
991	58	67	139	142	154	
992	142	
993	169	
994	17	
995	2	3	14	17	18	21	23	28	31	34	40	41	42	43	48	54	55	60	71	73	76	81	85	88	90	91	92	98	101	108	111	117	119	126	129	136	140	146	153	166	173	174	175	179	183	187	193	195	197	199	
996	23	
997	115	
998	7	63	75	83	91	111	139	146	158	199	
999	12	16	57	136	143	
1000	161	
1001	1	2	4	5	12	16	19	20	23	26	28	37	40	43	48	60	66	68	69	71	80	83	84	91	93	96	100	101	105	108	109	111	112	120	126	133	136	142	143	146	148	151	152	154	155	166	170	171	183	198	
1002	12	154	
1003	28	40	105	114	
1004	128	160	192	
1005	10	30	58	66	67	
1006	153	
1007	0	1	2	3	4	5	6	7	8	9	10	11	12	13	14	15	16	17	18	19	20	21	22	23	24	25	26	27	28	29	30	31	32	33	34	35	36	37	38	39	40	41	42	43	44	45	46	47	48	49	50	51	52	53	54	55	56	57	58	59	60	61	62	63	64	65	66	67	68	69	70	71	72	73	74	75	76	77	78	79	80	81	82	83	84	85	86	87	88	89	90	91	92	93	94	95	96	97	98	99	100	101	102	103	104	105	106	107	108	109	110	111	112	113	114	115	116	117	118	119	120	121	122	123	124	125	126	127	128	129	130	131	132	133	134	135	136	137	138	139	140	141	142	143	144	145	146	147	148	149	150	151	152	153	154	155	156	157	158	159	160	161	162	163	164	165	166	167	168	169	170	171	172	173	174	175	176	177	178	179	180	181	182	183	184	185	186	187	188	189	190	191	192	193	194	195	196	197	198	199	
1008	103	
1009	111	
1010	58	
1011	169	
1012	73	98	
1013	173	174	
1014	7	
1015	30	
1016	36	85	125	164	195	
1017	66	153	
1018	28	40	
1019	65	126	133	147	150	164	
1020	10	146	
1021	19	
1022	3	5	7	9	10	14	15	17	18	20	21	23	24	35	37	41	42	43	44	45	46	49	50	55	56	57	60	61	63	65	66	68	71	73	76	77	79	85	87	88	92	93	97	98	101	103	105	107	108	111	115	119	120	122	126	129	131	133	134	136	142	144	146	147	150	153	158	163	164	167	169	170	173	174	176	181	183	186	187	188	189	190	193	195	199	
1023	178	180	196	
1024	30	
1025	51	
1026	172	
1027	48	
1028	0	1	6	20	56	69	70	95	96	97	121	125	131	140	148	153	154	161	165	170	177	180	183	184	
1029	130	
1030	20	
1031	6	56	105	193	
1032	22	
1033	22	
1034	171	176	
1035	60	
1036	67	
1037	183	
1038	7	
1039	107	128	134	160	177	192	
1040	155	
1041	39	150	164	
1042	53	
1043	88	119	168	178	
1044	120	131	
1045	73	89	98	152	
1046	7	14	23	26	38	48	73	98	111	125	129	153	177	179	189	
1047	48	110	148	
1048	18	
1049	52	68	105	188	194	
1050	84	
1051	111	
1052	49	75	103	107	134	143	145	150	171	
1053	15	110	112	
1054	31	34	71	101	108	136	177	185	196	
1055	86	142	162	165	
1056	53	
1057	3	22	29	79	
1058	38	90	99	104	128	152	158	160	161	192	194	197	198	
1059	140	
1060	5	15	19	26	28	30	37	40	41	45	46	56	63	65	68	73	76	77	79	80	83	85	90	91	92	93	98	101	107	108	111	114	115	117	122	126	129	131	136	147	149	150	157	158	163	166	167	169	170	173	174	176	181	182	186	193	197	199	
1061	117	
1062	156	176	
1063	151	
1064	77	93	
1065	53	
1066	60	197	
1067	87	88	122	133	
1068	99	104	
1069	68	
1070	110	
1071	83	
1072	99	104	
1073	52	
1074	5	25	37	41	92	107	113	130	131	133	136	147	153	154	170	186	188	
1075	5	6	7	12	14	16	38	63	65	68	71	75	97	101	108	131	154	166	170	175	
1076	130	136	
1077	147	
1078	75	
1079	112	149	151	174	
1080	25	
1081	131	
1082	5	14	18	19	23	60	77	89	99	104	113	151	163	176	178	179	180	182	187	188	189	190	193	197	198	199	
1083	7	23	42	73	97	131	162	165	
1084	140	
1085	87	88	122	133	
1086	101	108	129	142	146	193	
1087	164	
1088	8	9	19	26	28	30	31	34	40	48	51	52	54	58	67	75	83	84	86	90	91	112	113	117	118	130	139	140	148	151	154	162	165	166	168	172	175	179	185	197	
1089	36	55	71	86	93	140	144	151	152	164	165	188	
1090	82	
1091	4	
1092	146	
1093	17	33	51	71	75	76	101	108	125	126	140	146	154	165	166	195	196	
1094	110	
1095	42	
1096	36	
1097	55	
1098	16	
1099	101	108	
1100	143	
1101	9	
1102	12	16	153	185	
1103	166	
1104	110	
1105	15	23	63	146	185	199	
1106	88	122	
1107	1	69	72	85	96	126	147	157	
1108	91	134	
1109	60	
1110	31	34	60	66	68	90	93	105	112	113	115	117	162	171	173	174	185	
1111	17	
1112	32	
1113	164	
1114	149	157	158	171	
1115	6	
1116	2	6	18	26	28	31	34	37	40	42	55	66	73	80	86	98	105	111	112	115	117	118	125	129	136	151	175	176	177	178	187	188	190	193	194	197	198	199	
1117	55	90	101	113	121	136	148	151	152	165	185	
1118	7	
1119	85	
1120	85	
1121	4	56	69	82	108	112	142	155	171	190	
1122	55	
1123	38	59	89	90	97	105	114	169	175	188	
1124	171	
1125	86	
1126	70	
1127	12	16	17	54	68	85	
1128	18	
1129	4	15	17	108	119	131	147	
1130	87	88	122	133	
1131	5	10	15	79	120	137	138	
1132	92	113	151	
1133	170	
1134	130	
1135	130	
1136	73	98	
1137	12	16	
1138	85	99	104	134	171	
1139	134	
1140	164	
1141	152	
1142	92	
1143	177	
1144	5	11	25	62	92	127	159	191	
1145	114	
1146	162	
1147	19	66	87	88	114	122	133	169	
1148	61	128	160	192	
1149	149	157	
1150	179	
1151	140	188	
1152	185	
1153	115	
1154	8	
1155	4	15	24	27	35	51	76	77	
1156	4	
1157	6	14	19	44	49	50	58	67	78	85	89	103	118	134	136	139	143	144	150	156	171	175	187	198	199	
1158	127	159	191	
1159	5	7	8	15	24	37	41	44	45	46	49	52	55	63	65	66	68	77	79	84	85	86	90	91	99	103	104	119	144	153	163	171	172	177	186	
1160	49	198	
1161	119	
1162	17	37	43	46	54	70	80	90	93	146	173	174	188	190	195	
1163	42	
1164	72	
1165	18	85	133	162	
1166	28	40	117	152	162	185	
1167	76	
1168	143	
1169	26	31	34	
1170	77	
1171	16	60	86	99	104	110	112	
1172	166	
1173	194	
1174	130	
1175	39	44	176	
1176	195	
1177	31	34	35	49	66	
1178	31	34	66	
1179	14	193	
1180	61	128	137	138	160	167	192	
1181	87	88	122	133	
1182	33	
1183	25	36	91	139	150	154	156	
1184	28	40	133	
1185	30	
1186	30	
1187	107	152	
1188	72	89	147	162	190	193	
1189	42	63	
1190	111	
1191	149	152	157	194	197	
1192	42	
1193	27	
1194	7	36	
1195	143	
1196	151	162	170	
1197	2	14	35	37	41	53	69	76	103	112	115	129	131	134	143	149	150	157	164	167	177	181	182	198	
1198	126	
1199	8	
1200	105	114	146	
1201	144	
1202	26	28	31	34	40	44	48	50	52	63	71	77	79	83	87	89	91	93	97	98	99	104	111	115	118	122	125	136	139	144	146	151	152	162	168	172	173	174	176	177	179	182	184	186	187	188	193	195	197	
1203	36	
1204	37	55	60	77	149	163	167	169	
1205	6	53	120	126	134	162	170	
1206	133	
1207	161	
1208	27	
1209	29	121	
1210	3	4	36	126	149	155	157	158	163	
1211	146	155	
1212	74	162	
1213	38	54	70	83	90	107	114	143	144	193	194	197	198	
1214	33	152	171	198	
1215	24	
1216	18	33	113	169	
1217	5	43	128	131	141	160	180	185	192	195	
1218	171	
1219	4	
1220	183	
1221	30	56	58	66	67	101	108	147	162	
1222	53	134	
1223	53	69	
1224	39	44	171	
1225	169	
1226	169	
1227	130	
1228	11	23	
1229	66	74	92	113	
1230	93	102	119	
1231	15	17	62	74	82	121	143	171	
1232	17	121	152	
1233	23	114	144	
1234	170	
1235	69	75	139	148	158	165	
1236	113	181	
1237	58	66	
1238	81	
1239	113	
1240	41	
1241	60	
1242	113	
1243	19	110	
1244	114	
1245	114	143	152	193	197	198	
1246	183	
1247	7	28	40	77	86	111	112	166	189	
1248	70	85	149	158	
1249	85	89	140	148	184	
1250	60	90	
1251	84	
1252	23	
1253	23	111	150	
1254	0	1	2	3	4	5	6	7	8	9	10	11	12	13	14	15	16	17	18	19	20	21	22	23	24	25	26	27	28	29	30	31	32	33	34	35	36	37	38	39	40	41	42	43	44	45	46	47	48	49	50	51	52	53	54	55	56	57	58	59	60	61	62	63	64	65	66	67	68	69	70	71	72	73	74	75	76	77	78	79	80	81	82	83	84	85	86	87	88	89	90	91	92	93	94	95	96	97	98	99	100	101	102	103	104	105	106	107	108	109	110	111	112	113	114	115	116	117	118	119	120	121	122	123	124	125	126	127	128	129	130	131	132	133	134	135	136	137	138	139	140	141	142	143	144	145	146	147	148	149	150	151	152	153	154	155	156	157	158	159	160	161	162	163	164	165	166	167	168	169	170	171	172	173	174	175	176	177	178	179	180	181	182	183	184	185	186	187	188	189	190	191	192	193	194	195	196	197	198	199	
1255	6	7	11	13	24	42	71	82	101	108	128	130	136	146	160	192	
1256	164	
1257	108	
1258	90	
1259	36	
1260	71	
1261	65	76	90	130	
1262	1	46	63	65	71	90	96	99	104	146	171	
1263	39	44	
1264	6	
1265	141	
1266	48	
1267	143	
1268	12	16	31	34	36	58	67	71	80	108	117	136	139	146	166	
1269	59	74	110	114	
1270	178	
1271	0	6	7	10	12	14	15	16	19	20	23	25	26	28	29	30	31	33	34	35	37	38	40	41	43	44	45	48	49	51	52	53	54	55	56	58	59	60	63	64	65	66	67	68	70	73	74	77	78	79	80	81	83	86	87	88	89	91	92	93	95	97	98	99	103	104	105	107	108	110	111	112	113	114	115	117	118	119	120	124	125	126	127	129	130	133	136	137	138	139	140	141	144	150	151	152	153	154	155	159	161	162	163	164	167	168	169	170	173	174	175	177	179	180	181	182	183	185	186	187	188	189	190	191	193	194	195	196	197	199	
1272	22	83	85	86	87	90	97	111	114	122	142	171	176	197	
1273	1	10	11	15	26	45	56	60	69	73	78	84	90	96	98	99	101	104	107	113	120	140	147	148	149	151	157	161	171	
1274	42	
1275	20	79	
1276	99	104	
1277	23	73	98	161	183	
1278	154	
1279	36	130	
1280	49	
1281	36	75	173	174	184	
1282	42	63	107	120	170	180	183	
1283	6	28	29	39	40	45	53	80	85	89	90	101	103	107	108	116	117	123	133	134	144	147	150	164	166	171	
1284	103	116	
1285	145	150	164	
1286	7	72	85	132	135	141	
1287	173	174	
1288	66	110	
1289	36	169	
1290	18	163	
1291	15	20	23	28	40	47	48	61	71	76	84	85	101	108	112	117	143	147	166	176	
1292	4	68	86	173	174	
1293	1	96	
1294	176	
1295	70	
1296	0	1	2	3	4	5	6	7	8	9	10	11	12	13	14	15	16	17	18	19	20	21	22	23	24	25	26	27	28	29	30	31	32	33	34	35	36	37	38	39	40	41	42	43	44	45	46	47	48	49	50	51	52	53	54	55	56	57	58	59	60	61	62	63	64	65	66	67	68	69	70	71	72	73	74	75	76	77	78	79	80	81	82	83	84	85	86	87	88	89	90	91	92	93	94	95	96	97	98	99	100	101	102	103	104	105	106	107	108	109	110	111	112	113	114	115	116	117	118	119	120	121	122	123	124	125	126	127	128	129	130	131	132	133	134	135	136	137	138	139	140	141	142	143	144	145	146	147	148	149	150	151	152	153	154	155	156	157	158	159	160	161	162	163	164	165	166	167	168	169	170	171	172	173	174	175	176	177	178	179	180	181	182	183	184	185	186	187	188	189	190	191	192	193	194	195	196	197	198	199	
1297	75	
1298	120	131	162	
1299	63	
1300	3	108	146	166	
1301	172	
1302	55	
1303	83	
1304	152	
1305	3	6	9	11	12	16	31	34	42	46	50	53	55	60	63	72	75	86	90	94	99	103	104	106	107	116	117	118	120	128	131	135	140	147	148	153	157	160	161	162	183	192	193	194	197	198	
1306	6	7	
1307	9	11	20	68	77	79	113	151	166	185	
1308	61	
1309	18	85	105	
1310	0	19	95	99	104	
1311	104	
1312	99	104	
1313	0	1	2	3	4	5	6	7	8	9	10	11	12	13	14	16	18	19	20	21	22	23	24	25	26	27	28	29	30	31	32	33	34	35	36	37	38	39	40	41	42	43	44	45	46	47	48	49	50	51	52	53	54	55	56	57	58	59	60	61	63	64	65	66	67	68	69	70	71	72	73	75	76	77	78	79	80	81	83	84	85	86	87	88	89	90	91	92	93	94	95	96	97	98	99	100	101	102	103	104	105	106	107	108	109	110	111	112	113	114	115	116	117	118	119	120	122	123	124	125	126	127	128	129	130	131	132	133	134	135	136	137	138	139	140	141	142	144	145	146	147	148	149	150	151	152	153	154	155	156	157	158	159	160	161	162	163	164	165	166	167	168	169	170	172	173	174	175	176	177	178	179	180	181	182	183	184	185	186	187	188	189	190	191	192	193	194	195	196	197	198	199	
